#!/usr/bin/env sh
printf "\e[49m                    \e[38;2;209;85;27;48;2;206;78;20m▄\e[38;2;208;87;30;48;2;208;86;29m▄\e[38;2;208;87;30;48;2;208;85;28m▄\e[38;2;208;86;28;49m▄\e[38;2;208;81;27;49m▄\e[49m                    \e[m
\e[49m                    \e[38;2;209;86;29;48;2;208;86;28m▄\e[48;2;208;87;30m   \e[38;2;208;87;30;48;2;208;86;29m▄\e[38;2;207;86;28;48;2;213;85;28m▄\e[49m                   \e[m
\e[49m             \e[38;2;208;86;29;49m▄\e[38;2;206;85;27;49m▄\e[49m    \e[38;2;207;85;28;48;2;207;83;25m▄\e[38;2;208;87;30;48;2;208;86;29m▄\e[38;2;217;104;31;48;2;208;87;30m▄\e[38;2;216;104;31;48;2;208;87;30m▄\e[48;2;208;87;30m  \e[38;2;208;87;30;48;2;208;86;29m▄\e[38;2;208;86;29;48;2;206;85;24m▄\e[49m      \e[38;2;207;87;29;48;2;202;83;18m▄\e[38;2;210;83;19;49m▄\e[49m          \e[m
\e[49m            \e[38;2;207;86;28;48;2;209;85;27m▄\e[38;2;208;87;30;48;2;208;86;30m▄\e[38;2;207;85;28;48;2;208;85;28m▄\e[49m    \e[38;2;207;86;29;48;2;208;87;29m▄\e[38;2;210;91;30;48;2;208;87;30m▄\e[38;2;221;111;32;48;2;220;109;32m▄\e[48;2;222;112;33m \e[38;2;221;111;32;48;2;218;106;31m▄\e[38;2;214;99;30;48;2;208;87;30m▄\e[48;2;208;87;30m \e[38;2;208;87;30;48;2;208;86;29m▄\e[38;2;205;85;25;48;2;211;79;26m▄\e[49m   \e[38;2;206;82;25;49m▄\e[38;2;208;86;29;48;2;206;86;27m▄\e[48;2;208;87;30m \e[38;2;208;87;30;48;2;207;86;28m▄\e[38;2;206;78;20;49m▄\e[49m         \e[m
\e[49m           \e[38;2;208;86;28;48;2;208;84;23m▄\e[38;2;208;87;30;48;2;208;86;29m▄\e[48;2;208;87;30m \e[38;2;208;87;30;48;2;208;86;29m▄\e[38;2;208;84;26;49m▄\e[49m  \e[38;2;209;85;28;48;2;207;84;26m▄\e[38;2;208;87;30;48;2;208;86;29m▄\e[38;2;217;105;31;48;2;214;99;31m▄\e[48;2;222;112;33m   \e[38;2;221;111;32;48;2;220;109;32m▄\e[38;2;209;90;30;48;2;208;87;30m▄\e[48;2;208;87;30m \e[38;2;208;86;28;48;2;208;85;28m▄\e[49m  \e[38;2;208;85;28;49m▄\e[38;2;208;87;30;48;2;208;86;27m▄\e[48;2;208;87;30m   \e[38;2;208;85;26;48;2;206;82;26m▄\e[49m         \e[m
\e[49m          \e[38;2;202;81;25;48;2;200;73;18m▄\e[38;2;208;87;30;48;2;208;87;29m▄\e[48;2;208;87;30m \e[38;2;215;102;30;48;2;209;89;30m▄\e[48;2;208;87;30m \e[38;2;208;87;30;48;2;208;87;29m▄\e[38;2;207;85;28;49m▄\e[38;2;206;78;20;49m▄\e[38;2;208;87;30;48;2;208;87;29m▄\e[48;2;208;87;30m \e[38;2;221;111;32;48;2;220;108;32m▄\e[48;2;222;112;33m    \e[38;2;219;107;31;48;2;215;101;30m▄\e[48;2;208;87;30m \e[38;2;208;87;30;48;2;207;86;30m▄\e[38;2;206;83;29;48;2;196;78;20m▄\e[38;2;208;84;26;49m▄\e[38;2;208;87;30;48;2;208;87;28m▄\e[48;2;208;87;30m \e[38;2;211;92;30;48;2;208;87;30m▄▄\e[48;2;208;87;30m \e[38;2;207;86;29;48;2;208;85;28m▄\e[49m         \e[m
\e[49m     \e[38;2;207;84;26;49m▄\e[38;2;208;86;29;48;2;210;75;15m▄\e[49m   \e[38;2;208;87;30;48;2;207;85;29m▄\e[48;2;208;87;30m \e[38;2;216;102;30;48;2;212;96;30m▄\e[48;2;222;112;33m \e[38;2;216;103;31;48;2;210;90;30m▄\e[48;2;208;87;30m    \e[38;2;217;103;31;48;2;212;95;30m▄\e[48;2;222;112;33m     \e[38;2;221;110;32;48;2;220;109;31m▄\e[48;2;208;87;30m  \e[38;2;209;86;30;48;2;208;84;25m▄\e[38;2;208;87;30;48;2;208;86;28m▄\e[48;2;208;87;30m \e[38;2;220;108;32;48;2;209;90;30m▄\e[48;2;222;112;33m \e[38;2;222;112;33;48;2;221;111;32m▄\e[38;2;208;88;30;48;2;208;87;30m▄\e[48;2;208;87;30m \e[49m    \e[38;2;205;83;26;49m▄\e[38;2;207;86;28;48;2;204;76;17m▄\e[49m   \e[m
\e[49m    \e[38;2;206;84;24;49m▄\e[38;2;208;86;29;48;2;208;87;28m▄\e[38;2;208;87;30;48;2;209;87;29m▄\e[38;2;208;84;29;48;2;196;78;20m▄\e[49m \e[38;2;206;81;27;48;2;209;82;27m▄\e[48;2;208;87;30m  \e[48;2;217;104;30m \e[38;2;222;114;31;48;2;222;112;33m▄\e[38;2;228;135;27;48;2;221;111;32m▄\e[38;2;228;137;26;48;2;212;96;30m▄\e[38;2;220;121;26;48;2;208;87;30m▄\e[38;2;208;88;29;48;2;208;87;30m▄\e[48;2;208;87;30m \e[38;2;221;110;32;48;2;219;108;31m▄\e[48;2;222;112;33m     \e[48;2;221;111;32m \e[38;2;208;88;30;48;2;208;87;30m▄\e[48;2;208;87;30m  \e[38;2;212;94;30;48;2;208;87;30m▄\e[38;2;221;111;32;48;2;214;99;30m▄\e[48;2;222;112;33m   \e[38;2;209;90;30;48;2;209;89;30m▄\e[48;2;208;87;30m \e[38;2;206;73;12;48;2;204;68;17m▄\e[49m  \e[38;2;208;84;29;48;2;213;85;14m▄\e[38;2;208;87;30;48;2;208;86;29m▄\e[48;2;208;87;30m \e[38;2;207;86;29;48;2;207;83;21m▄\e[49m  \e[m
\e[49m   \e[38;2;208;81;20;49m▄\e[38;2;208;87;29;48;2;208;86;29m▄\e[48;2;208;87;30m  \e[38;2;207;86;29;48;2;208;86;28m▄\e[49m \e[38;2;208;85;26;48;2;210;85;27m▄\e[48;2;208;87;30m  \e[38;2;227;136;25;48;2;218;107;30m▄\e[38;2;234;153;25;48;2;232;148;25m▄\e[48;2;234;153;25m   \e[38;2;234;153;25;48;2;231;146;25m▄\e[38;2;233;152;25;48;2;211;96;28m▄\e[38;2;222;115;31;48;2;221;111;32m▄\e[48;2;222;112;33m     \e[48;2;221;111;32m \e[38;2;208;89;30;48;2;208;88;30m▄\e[48;2;208;87;30m \e[38;2;218;105;31;48;2;208;88;30m▄\e[38;2;222;112;33;48;2;220;109;32m▄\e[48;2;222;112;33m    \e[38;2;210;92;30;48;2;209;90;30m▄\e[48;2;208;87;30m \e[48;2;211;89;22m \e[49m \e[38;2;207;86;29;48;2;208;83;24m▄\e[38;2;208;87;30;48;2;208;87;29m▄\e[38;2;209;90;30;48;2;208;87;30m▄\e[48;2;208;87;30m \e[38;2;208;87;30;48;2;208;86;29m▄\e[38;2;207;84;26;48;2;196;78;20m▄\e[49m \e[m
\e[49m  \e[38;2;206;85;24;49m▄\e[38;2;208;87;30;48;2;207;87;28m▄\e[48;2;208;87;30m  \e[38;2;212;95;30;48;2;208;87;30m▄\e[48;2;208;87;30m \e[38;2;208;86;29;48;2;208;85;28m▄\e[38;2;208;86;28;48;2;208;85;28m▄\e[48;2;208;87;30m  \e[38;2;228;140;25;48;2;228;141;25m▄\e[48;2;234;153;25m \e[38;2;229;150;24;48;2;234;153;25m▄\e[38;2;188;123;23;48;2;234;153;25m▄\e[38;2;44;31;21;48;2;233;152;24m▄\e[38;2;35;26;21;48;2;214;140;24m▄\e[38;2;35;26;21;48;2;182;120;23m▄\e[38;2;35;26;21;48;2;172;108;24m▄\e[38;2;154;83;26;48;2;216;109;32m▄\e[38;2;232;149;25;48;2;223;119;31m▄\e[38;2;234;153;25;48;2;229;138;26m▄\e[38;2;230;140;26;48;2;223;117;31m▄\e[48;2;222;112;33m \e[38;2;222;112;33;48;2;221;111;32m▄\e[38;2;214;100;30;48;2;211;92;30m▄\e[38;2;221;111;32;48;2;213;96;30m▄\e[48;2;222;112;33m      \e[38;2;211;95;30;48;2;211;94;30m▄\e[48;2;208;87;30m \e[38;2;206;84;24;48;2;206;85;24m▄\e[38;2;208;86;29;48;2;206;84;28m▄\e[48;2;208;87;30m \e[38;2;213;97;30;48;2;208;88;30m▄\e[38;2;221;110;32;48;2;218;107;31m▄\e[48;2;208;87;30m  \e[38;2;208;87;28;48;2;208;86;27m▄\e[49m \e[m
\e[49m  \e[38;2;208;86;29;48;2;209;85;28m▄\e[48;2;208;87;30m  \e[38;2;215;100;31;48;2;208;87;30m▄\e[38;2;222;112;33;48;2;221;111;32m▄\e[38;2;216;103;30;48;2;209;89;30m▄\e[48;2;208;87;30m    \e[38;2;205;89;28;48;2;225;134;25m▄\e[38;2;43;30;21;48;2;227;148;24m▄\e[38;2;35;26;21;48;2;49;35;21m▄\e[48;2;35;26;21m  \e[38;2;43;31;21;48;2;35;26;21m▄\e[38;2;204;134;23;48;2;35;26;21m▄\e[38;2;233;152;24;48;2;87;59;21m▄\e[38;2;234;153;25;48;2;232;152;24m▄\e[48;2;234;153;25m  \e[38;2;226;130;28;48;2;229;141;26m▄\e[48;2;222;112;33m          \e[38;2;211;95;30;48;2;212;95;30m▄\e[48;2;208;87;30m   \e[38;2;220;109;32;48;2;210;91;30m▄\e[48;2;222;112;33m \e[38;2;221;111;32;48;2;221;110;32m▄\e[48;2;208;87;30m  \e[38;2;208;87;30;48;2;208;86;29m▄\e[38;2;206;86;26;48;2;204;82;20m▄\e[m
\e[49m \e[38;2;208;86;28;48;2;208;83;30m▄\e[48;2;208;87;30m  \e[38;2;209;88;30;48;2;208;87;30m▄\e[38;2;221;111;32;48;2;219;108;32m▄\e[48;2;222;112;33m \e[38;2;222;112;33;48;2;221;111;32m▄\e[38;2;221;111;32;48;2;215;101;31m▄\e[38;2;219;107;31;48;2;208;87;30m▄\e[38;2;213;97;30;48;2;208;87;30m▄\e[38;2;232;150;25;48;2;214;105;27m▄\e[38;2;234;153;25;48;2;227;136;26m▄\e[38;2;234;153;25;48;2;187;122;24m▄\e[38;2;234;153;25;48;2;184;121;24m▄▄\e[38;2;234;153;25;48;2;186;122;24m▄\e[38;2;234;153;25;48;2;229;150;24m▄\e[48;2;234;153;25m   \e[38;2;237;168;37;48;2;234;153;25m▄\e[38;2;244;199;62;48;2;236;163;33m▄\e[38;2;246;204;66;48;2;239;181;57m▄\e[38;2;246;204;66;48;2;235;166;51m▄\e[38;2;245;203;65;48;2;222;112;33m▄\e[38;2;236;172;53;48;2;222;112;33m▄\e[38;2;223;117;34;48;2;222;112;33m▄\e[48;2;222;112;33m      \e[38;2;210;93;30;48;2;211;93;30m▄\e[48;2;208;87;30m \e[38;2;218;105;31;48;2;208;87;30m▄\e[38;2;222;112;33;48;2;218;106;31m▄\e[48;2;222;112;33m  \e[48;2;221;111;32m \e[48;2;208;88;30m \e[48;2;208;87;30m  \e[38;2;208;86;28;48;2;208;85;28m▄\e[m
\e[38;2;204;85;26;49m▄\e[38;2;208;86;29;48;2;208;85;29m▄\e[48;2;208;87;30m  \e[38;2;220;108;32;48;2;215;100;30m▄\e[48;2;222;112;33m     \e[38;2;222;112;33;48;2;222;112;32m▄\e[38;2;222;113;31;48;2;231;148;25m▄\e[38;2;228;135;27;48;2;234;153;25m▄\e[38;2;231;144;26;48;2;234;153;25m▄\e[38;2;234;155;30;48;2;234;153;25m▄\e[38;2;237;169;38;48;2;234;153;25m▄\e[38;2;238;174;42;48;2;234;153;25m▄\e[38;2;239;179;46;48;2;234;153;25m▄\e[38;2;245;201;64;48;2;234;153;25m▄\e[38;2;245;203;65;48;2;236;166;36m▄\e[38;2;246;204;66;48;2;241;187;52m▄\e[38;2;246;204;66;48;2;245;203;65m▄\e[48;2;246;204;66m     \e[38;2;246;204;66;48;2;242;193;61m▄\e[38;2;240;187;79;48;2;224;121;36m▄\e[38;2;223;119;45;48;2;222;112;33m▄\e[48;2;222;112;33m    \e[38;2;221;111;32;48;2;210;92;30m▄\e[38;2;222;112;33;48;2;218;107;31m▄\e[48;2;222;112;33m    \e[48;2;221;111;32m \e[38;2;209;89;30;48;2;208;88;30m▄\e[48;2;208;87;30m  \e[38;2;208;85;28;48;2;208;86;29m▄\e[m
\e[38;2;208;85;28;48;2;210;84;28m▄\e[48;2;208;87;30m  \e[38;2;209;90;30;48;2;208;87;30m▄\e[48;2;221;111;32m \e[48;2;222;112;33m        \e[38;2;231;169;53;48;2;223;119;35m▄\e[38;2;246;204;66;48;2;243;197;63m▄\e[48;2;246;204;66m    \e[38;2;246;204;67;48;2;246;204;66m▄▄\e[48;2;246;204;66m    \e[38;2;246;207;78;48;2;246;204;66m▄\e[38;2;252;252;249;48;2;247;214;105m▄\e[38;2;254;255;255;48;2;252;249;236m▄\e[38;2;252;253;253;48;2;253;254;254m▄\e[38;2;173;170;169;48;2;253;253;253m▄\e[38;2;56;49;44;48;2;244;213;190m▄\e[38;2;174;149;131;48;2;223;120;46m▄\e[48;2;222;112;33m        \e[38;2;222;112;33;48;2;221;111;32m▄\e[38;2;210;92;30;48;2;209;90;30m▄\e[48;2;208;87;30m  \e[38;2;207;86;29;48;2;209;86;29m▄\e[m
\e[38;2;208;87;29;48;2;208;86;27m▄\e[48;2;208;87;30m  \e[38;2;218;107;31;48;2;213;98;30m▄\e[48;2;222;112;33m      \e[38;2;221;111;32;48;2;222;112;33m▄\e[38;2;68;41;22;48;2;221;111;32m▄\e[38;2;35;26;21;48;2;89;50;23m▄\e[38;2;116;93;37;48;2;173;142;50m▄\e[48;2;246;204;66m  \e[38;2;246;205;73;48;2;246;204;66m▄\e[38;2;252;250;238;48;2;246;205;70m▄\e[38;2;253;254;254;48;2;250;238;195m▄\e[38;2;254;255;255;48;2;253;253;253m▄\e[38;2;254;255;255;48;2;253;254;252m▄\e[38;2;253;254;254;48;2;249;235;186m▄\e[38;2;251;246;228;48;2;246;205;70m▄\e[38;2;246;204;67;48;2;246;204;66m▄\e[38;2;246;204;69;48;2;246;204;66m▄\e[38;2;253;253;251;48;2;249;233;179m▄\e[48;2;254;255;255m \e[38;2;250;251;251;48;2;254;255;255m▄\e[38;2;49;40;35;48;2;127;123;120m▄\e[48;2;35;26;21m   \e[38;2;94;53;25;48;2;202;103;31m▄\e[48;2;222;112;33m        \e[38;2;211;93;30;48;2;210;93;30m▄\e[48;2;208;87;30m  \e[38;2;208;87;29;48;2;208;86;29m▄\e[m
\e[38;2;208;86;29;48;2;207;86;29m▄\e[48;2;208;87;30m  \e[38;2;222;112;33;48;2;221;111;32m▄\e[48;2;222;112;33m    \e[38;2;221;111;32;48;2;222;112;33m▄\e[38;2;108;58;24;48;2;221;111;32m▄\e[38;2;35;26;21;48;2;74;43;22m▄\e[48;2;35;26;21m  \e[38;2;35;26;21;48;2;42;32;21m▄\e[38;2;229;190;62;48;2;241;200;64m▄\e[38;2;246;204;68;48;2;246;204;66m▄\e[38;2;252;251;242;48;2;248;228;159m▄\e[38;2;235;235;235;48;2;253;254;254m▄\e[38;2;35;26;21;48;2;135;131;128m▄\e[38;2;35;26;21;48;2;40;31;26m▄\e[38;2;35;26;21;48;2;37;29;24m▄\e[38;2;35;26;21;48;2;104;99;95m▄\e[38;2;181;179;177;48;2;253;254;254m▄\e[38;2;252;248;233;48;2;250;235;183m▄\e[38;2;246;204;66;48;2;246;205;70m▄\e[38;2;250;241;210;48;2;253;254;254m▄\e[48;2;254;255;255m \e[38;2;227;227;226;48;2;227;226;226m▄\e[48;2;35;26;21m    \e[38;2;170;89;30;48;2;85;49;24m▄\e[38;2;222;117;34;48;2;222;112;33m▄\e[38;2;233;158;48;48;2;222;112;33m▄\e[38;2;236;169;53;48;2;222;112;33m▄\e[38;2;204;145;47;48;2;222;112;33m▄\e[38;2;115;70;28;48;2;222;112;33m▄\e[38;2;103;58;25;48;2;222;112;33m▄\e[38;2;111;61;25;48;2;222;112;33m▄\e[38;2;190;97;30;48;2;222;112;33m▄\e[48;2;211;94;30m \e[48;2;208;87;30m  \e[48;2;208;86;29m \e[m
\e[38;2;208;87;29;48;2;208;86;29m▄\e[48;2;208;87;30m \e[38;2;209;88;30;48;2;208;88;30m▄\e[48;2;222;112;33m    \e[38;2;194;98;30;48;2;222;112;33m▄\e[38;2;38;27;21;48;2;161;83;28m▄\e[48;2;35;26;21m     \e[38;2;193;159;54;48;2;209;173;57m▄\e[38;2;246;209;88;48;2;246;209;87m▄\e[48;2;253;254;254m \e[38;2;220;219;219;48;2;210;209;208m▄\e[48;2;35;26;21m    \e[38;2;145;141;139;48;2;132;128;125m▄\e[48;2;253;253;250m \e[48;2;246;205;73m \e[38;2;246;204;66;48;2;246;211;95m▄\e[38;2;249;228;157;48;2;253;254;252m▄\e[38;2;253;253;250;48;2;249;250;250m▄\e[38;2;165;153;119;48;2;54;45;41m▄\e[38;2;184;152;52;48;2;35;26;21m▄\e[38;2;244;202;65;48;2;73;58;28m▄\e[38;2;246;204;66;48;2;155;126;46m▄\e[38;2;246;204;66;48;2;243;195;62m▄\e[38;2;246;204;66;48;2;245;203;65m▄\e[38;2;161;132;46;48;2;246;204;66m▄\e[38;2;35;26;21;48;2;115;93;37m▄\e[38;2;35;26;21;48;2;37;28;21m▄\e[48;2;35;26;21m    \e[38;2;35;26;21;48;2;93;46;23m▄\e[38;2;133;60;25;48;2;201;84;29m▄\e[48;2;208;87;30m \e[38;2;208;87;29;48;2;208;87;30m▄\e[m
\e[38;2;208;85;29;48;2;208;86;29m▄\e[48;2;208;87;30m \e[38;2;208;88;30;48;2;209;89;30m▄\e[48;2;222;112;33m   \e[38;2;193;98;30;48;2;221;111;32m▄\e[38;2;35;26;21;48;2;98;54;24m▄\e[48;2;35;26;21m      \e[38;2;207;171;57;48;2;192;158;54m▄\e[38;2;246;204;66;48;2;246;204;70m▄\e[38;2;249;231;171;48;2;253;252;245m▄\e[38;2;254;255;255;48;2;244;244;244m▄\e[38;2;241;241;241;48;2;48;39;35m▄\e[38;2;78;71;67;48;2;35;26;21m▄\e[38;2;70;63;59;48;2;35;26;21m▄\e[38;2;197;196;194;48;2;42;34;29m▄\e[38;2;254;255;255;48;2;217;216;215m▄\e[38;2;250;237;190;48;2;252;249;236m▄\e[48;2;246;204;66m   \e[38;2;246;204;66;48;2;246;206;78m▄\e[38;2;246;204;66;48;2;246;204;67m▄\e[48;2;246;204;66m     \e[38;2;184;151;51;48;2;75;59;29m▄\e[38;2;36;27;21;48;2;35;26;21m▄\e[48;2;35;26;21m      \e[38;2;147;65;25;48;2;84;42;22m▄\e[48;2;208;87;30m \e[38;2;207;86;29;48;2;207;86;28m▄\e[m
\e[38;2;206;85;27;48;2;207;86;29m▄\e[48;2;208;87;30m \e[38;2;208;87;30;48;2;208;88;30m▄\e[48;2;222;112;33m   \e[38;2;74;43;23;48;2;103;57;25m▄\e[48;2;35;26;21m      \e[38;2;48;37;23;48;2;35;26;21m▄\e[38;2;243;201;65;48;2;229;189;62m▄\e[48;2;246;204;66m \e[38;2;246;204;66;48;2;246;207;78m▄\e[38;2;246;205;70;48;2;252;251;244m▄\e[38;2;251;243;217;48;2;254;255;255m▄\e[48;2;254;255;255m  \e[38;2;251;240;205;48;2;254;255;255m▄\e[38;2;246;205;72;48;2;252;249;237m▄\e[38;2;246;204;66;48;2;246;205;74m▄\e[48;2;246;204;66m    \e[38;2;243;201;65;48;2;246;204;66m▄\e[38;2;218;180;59;48;2;246;204;66m▄\e[48;2;246;204;66m     \e[38;2;246;204;66;48;2;139;112;42m▄\e[38;2;245;203;65;48;2;41;31;22m▄\e[38;2;223;185;61;48;2;35;26;21m▄\e[38;2;205;169;57;48;2;35;26;21m▄\e[38;2;219;182;59;48;2;35;26;21m▄\e[38;2;245;203;65;48;2;40;30;22m▄\e[38;2;243;196;63;48;2;133;109;41m▄\e[38;2;208;88;30;48;2;208;92;31m▄\e[48;2;208;87;30m \e[38;2;205;83;22;48;2;206;85;27m▄\e[m
\e[49;38;2;207;87;29m▀\e[38;2;208;86;29;48;2;208;87;30m▄\e[48;2;208;87;30m \e[38;2;215;101;30;48;2;221;110;32m▄\e[48;2;222;112;33m \e[48;2;220;111;32m \e[38;2;50;32;21;48;2;48;32;21m▄\e[48;2;35;26;21m      \e[38;2;207;171;57;48;2;147;120;44m▄\e[38;2;246;204;66;48;2;245;203;65m▄\e[48;2;246;204;66m    \e[38;2;246;204;66;48;2;246;205;72m▄▄\e[48;2;246;204;66m    \e[38;2;241;200;65;48;2;246;204;66m▄\e[38;2;127;103;39;48;2;246;204;66m▄\e[38;2;185;152;52;48;2;225;186;61m▄\e[38;2;139;113;42;48;2;148;121;44m▄\e[38;2;237;197;64;48;2;241;199;64m▄\e[48;2;246;204;66m          \e[38;2;238;182;58;48;2;245;203;65m▄\e[38;2;208;88;30;48;2;219;123;40m▄\e[48;2;208;87;30m \e[38;2;209;84;28;48;2;208;87;29m▄\e[49m \e[m
\e[49m \e[49;38;2;205;83;27m▀\e[38;2;208;86;28;48;2;208;87;30m▄\e[38;2;208;87;30;48;2;209;89;30m▄\e[38;2;220;110;32;48;2;221;111;32m▄\e[48;2;222;112;33m \e[38;2;141;74;26;48;2;77;45;23m▄\e[48;2;35;26;21m    \e[38;2;42;31;21;48;2;35;26;21m▄\e[38;2;227;188;61;48;2;105;85;35m▄\e[38;2;246;204;66;48;2;244;202;65m▄\e[48;2;246;204;66m              \e[38;2;246;204;66;48;2;237;196;64m▄\e[38;2;246;204;66;48;2;175;144;50m▄\e[38;2;244;200;64;48;2;171;140;48m▄\e[38;2;222;113;33;48;2;203;146;48m▄\e[38;2;222;112;33;48;2;242;190;60m▄\e[38;2;223;116;34;48;2;246;204;66m▄\e[38;2;225;125;37;48;2;246;204;66m▄\e[38;2;226;132;39;48;2;246;204;66m▄\e[38;2;227;133;40;48;2;246;204;66m▄\e[38;2;225;126;37;48;2;246;204;66m▄\e[38;2;222;115;34;48;2;244;199;64m▄\e[38;2;219;108;32;48;2;233;158;49m▄\e[38;2;208;87;30;48;2;209;90;30m▄\e[48;2;208;87;30m \e[38;2;207;84;26;48;2;208;86;29m▄\e[49;38;2;204;77;26m▀\e[49m \e[m
\e[49m  \e[49;38;2;200;83;21m▀\e[38;2;207;86;26;48;2;209;87;29m▄\e[38;2;207;86;29;48;2;215;99;30m▄\e[38;2;220;109;32;48;2;222;112;33m▄\e[38;2;222;112;33;48;2;221;111;32m▄\e[38;2;222;112;33;48;2;146;76;27m▄\e[38;2;222;112;33;48;2;91;51;24m▄\e[38;2;227;133;40;48;2;94;57;26m▄\e[38;2;246;204;66;48;2;149;122;44m▄\e[38;2;246;204;66;48;2;238;197;64m▄\e[48;2;246;204;66m                  \e[38;2;246;204;66;48;2;245;203;65m▄\e[38;2;242;195;62;48;2;235;165;51m▄\e[48;2;222;112;33m      \e[38;2;221;110;32;48;2;222;112;33m▄\e[38;2;208;88;30;48;2;214;99;30m▄\e[38;2;207;86;29;48;2;208;87;30m▄\e[38;2;197;81;12;48;2;207;86;29m▄\e[49m   \e[m
\e[49m    \e[49;38;2;210;85;27m▀\e[38;2;206;85;24;48;2;213;96;30m▄\e[38;2;217;103;30;48;2;221;111;32m▄\e[48;2;222;112;33m \e[38;2;227;135;41;48;2;222;113;33m▄\e[38;2;246;204;66;48;2;243;196;62m▄\e[48;2;246;204;66m                     \e[38;2;246;204;66;48;2;245;203;65m▄\e[38;2;243;191;61;48;2;228;140;42m▄\e[48;2;222;112;33m    \e[38;2;221;111;32;48;2;222;112;33m▄\e[38;2;208;89;30;48;2;216;103;31m▄\e[38;2;206;81;22;48;2;208;86;29m▄\e[49;38;2;205;85;20m▀\e[49m    \e[m
\e[49m       \e[49;38;2;221;110;30m▀\e[38;2;239;183;56;48;2;233;158;48m▄\e[38;2;246;202;64;48;2;246;204;66m▄\e[38;2;246;204;65;48;2;246;204;66m▄\e[48;2;246;204;66m                     \e[38;2;245;203;65;48;2;245;201;64m▄\e[38;2;222;113;33;48;2;222;112;33m▄\e[48;2;222;112;33m \e[38;2;222;111;32;48;2;222;112;33m▄\e[38;2;221;110;29;48;2;222;112;33m▄\e[49;38;2;216;101;31m▀\e[49;38;2;208;85;19m▀\e[49m      \e[m
\e[49m           \e[49;38;2;245;201;65m▀\e[49;38;2;247;203;65m▀\e[49;38;2;246;203;65m▀\e[38;2;248;205;64;48;2;246;204;65m▄\e[38;2;246;203;65;48;2;246;204;66m▄\e[38;2;247;203;64;48;2;246;204;66m▄\e[38;2;245;203;65;48;2;246;204;66m▄\e[38;2;247;204;66;48;2;246;204;66m▄\e[38;2;245;203;66;48;2;246;204;66m▄\e[38;2;246;203;65;48;2;246;204;66m▄\e[38;2;245;203;65;48;2;246;204;66m▄\e[38;2;246;204;65;48;2;246;204;66m▄▄▄\e[48;2;246;204;66m  \e[38;2;246;204;65;48;2;246;204;66m▄\e[38;2;245;203;65;48;2;246;204;66m▄▄\e[38;2;246;203;65;48;2;246;204;66m▄\e[38;2;244;202;64;48;2;246;204;66m▄\e[38;2;239;197;58;48;2;246;204;65m▄\e[49;38;2;224;124;36m▀\e[49;38;2;222;108;30m▀\e[49;38;2;219;109;18m▀\e[49m         \e[m
"
